# time_step  predator prey  total 
0  51  937  988
1  55  1157  1212
2  55  1248  1303
3  56  1319  1375
4  59  1419  1478
5  62  1527  1589
6  61  1652  1713
7  60  1541  1601
8  60  1556  1616
9  60  1603  1663
10  62  1578  1640
11  61  1596  1657
12  58  1611  1669
13  61  1664  1725
14  66  1657  1723
15  67  1679  1746
16  70  1745  1815
17  73  1772  1845
18  78  1804  1882
19  73  1787  1860
20  77  1819  1896
21  72  1809  1881
22  71  1786  1857
23  72  1759  1831
24  69  1722  1791
25  73  1753  1826
26  79  1791  1870
27  82  1811  1893
28  83  1828  1911
29  90  1857  1947
30  91  1877  1968
31  95  1870  1965
32  97  1866  1963
33  96  1874  1970
